0	0.48016262516572444
1	0.5185007036314391
2	0.8909586368697838
3	0.13341774147620622
4	0.6947895120038182
5	0.35339393102538474
6	0.20118861325023646
7	-0.42993809271598565
8	0.11635998595486419
9	0.04266492478102793
10	-0.4570712637922243
11	-0.32866914694504734
12	-0.4933423732377302
13	-1.1961426220120814
14	-0.19375347609170626
15	-1.2083482700525872
16	-1.1476022916816029
17	-1.134685568315394
18	-1.4947362319839415
19	-1.19226802837341
20	-1.2219358665065625
21	-1.3718767547379418
22	-1.3618539128411054
23	-1.5388597706712808
24	-1.9614625004796047
25	-1.724897975946179
26	-1.2637751038625789
27	-2.0977741866816046
28	-1.8460585240867362
29	-2.1020807215973742
30	-2.258534006217267
31	-2.1440464412531623
32	-2.109270497383468
33	-2.0008895983219706
34	-2.7351576681126706
35	-2.6775575343698472
36	-3.222677303846975
37	-3.3870455710451806
38	-3.0243412925887894
39	-3.236075179935281
40	-3.2404121489324003
41	-3.072008754859102
42	-2.4330075306494896
43	-3.9354825685988075
44	-3.091053375547525
45	-3.5649115230110526
46	-3.2621801557165875
47	-4.060800047572056
48	-3.6136441545608164
49	-3.425650358880728
50	-4.477924577965422
51	-3.495388512959735
52	-3.924168293201496
53	-4.050053752063675
54	-3.926710929843818
55	-4.793053659287331
56	-4.052041229959999
57	-3.6660327260333245
58	-4.366848450364252
59	-4.3117089465161476
60	-4.497457471740234
61	-4.080982343811208
62	-4.584936687600003
63	-4.4271656952038825
64	-4.8914144732936204
65	-4.872599303866908
66	-4.767968846941265
67	-4.963545878315505
68	-4.852576614578049
69	-4.69792265185117
70	-5.414586176466324
71	-5.057786879257963
72	-5.334157059761974
73	-5.408834468845423
74	-4.917959871629117
75	-5.420290799492865
76	-5.0545354747698505
77	-5.128809658664963
78	-5.69626824863107
79	-5.373475985646911
80	-5.536368607996355
81	-5.270438908514099
82	-4.573445580476057
83	-5.469722955141771
84	-5.657021859177522
85	-5.175400140481273
86	-5.51140550700884
87	-5.147842733485556
88	-5.322642387759174
89	-5.290647511503043
90	-5.488307866979307
91	-5.3591869706119235
92	-5.481343712850693
93	-4.9950711773498835
94	-5.5298283421375345
95	-5.57923520739736
96	-5.534296425150304
97	-5.211751101788045
98	-5.676365083748161
99	-5.573046897258793
100	-5.60827396572398
101	-5.546235599607547
102	-5.874660855727102
103	-5.523356774116289
104	-5.160268487412539
105	-5.4627372592859675
106	-5.728164219348139
107	-5.6400766837727145
108	-5.748341043172692
109	-5.5679953214567295
110	-5.559523957881929
111	-5.5386712974723835
112	-5.684276739016843
113	-5.503332712509147
114	-5.629098608065421
115	-5.51732414089887
116	-5.832252229988631
117	-5.851698650268672
118	-5.887700298861393
119	-5.608203328013957
120	-5.7573582163869155
121	-5.673943329480636
122	-5.698941370105878
123	-5.807752016531566
124	-5.954816508842162
125	-5.790149974457881
126	-5.7322981538630735
127	-5.629146665244888
128	-5.761468278349261
129	-5.7857628587565895
130	-5.8252715122999135
131	-5.499773428636157
132	-5.785455175910914
133	-5.628378718455272
134	-5.850418800877023
135	-5.952034343398667
136	-5.861303598682314
137	-5.771549754830156
138	-5.717150929647622
139	-5.79668683227143
140	-5.915389951242777
141	-5.707462128876486
142	-5.861189176148892
143	-5.926570016515246
144	-5.634625240793236
145	-5.804552614763587
146	-5.9042588638104085
147	-5.896756200531845
148	-5.785339236788376
149	-5.907108931907844
150	-5.868048281653084
151	-5.761660894312454
152	-5.8137801399020494
153	-5.842737505424243
154	-5.85273171657405
155	-5.641781068279936
156	-5.9101841545073786
157	-5.914707137717777
158	-5.725084752195318
159	-5.7011735355987305
160	-5.873565017972972
161	-5.945160828424611
162	-5.784695289966672
163	-5.78285724889564
164	-5.766285845548502
165	-5.802946811323604
166	-5.871154516743566
167	-5.7017615108557305
168	-5.905879324983093
169	-5.771760581595899
170	-5.8252783871071925
171	-5.910361081359111
172	-5.95256561012335
173	-5.968727010894415
174	-5.918956270018935
175	-5.798380022621561
176	-5.94948164797687
177	-5.855297978252333
178	-5.645296461240147
179	-5.9398282814501115
180	-5.886764085516056
181	-5.852112218135535
182	-5.735385814442085
183	-5.864489395757126
184	-5.7584315255277385
185	-5.916130327467124
186	-5.713765322218396
187	-5.909510231182535
188	-5.896191709328553
189	-5.725998464164013
190	-5.871564269421725
191	-5.995446806902129
192	-5.897361345089029
193	-5.853164156105482
194	-5.797511199610881
195	-5.930460701764068
196	-5.88756659472665
197	-5.720897567051702
198	-5.92257299014732
199	-5.849091759364589
200	-5.81498900773574
201	-5.847102963589672
202	-5.879905837738173
203	-5.882014867222505
204	-5.8734958528204615
205	-5.862874758755169
206	-5.947317157568431
207	-5.914909619157836
208	-5.8822354348122765
209	-5.894440666460573
210	-5.944113004444706
211	-5.738797258884611
212	-5.956474941993559
213	-5.710218690511358
214	-5.850401425053389
215	-5.894870434503233
216	-5.848977781122803
217	-5.93056036328283
218	-5.969504222972512
219	-5.953830616616592
220	-5.926832591315265
221	-5.8466468826326645
222	-5.9555874425273245
223	-5.889491607426807
224	-5.746755926905582
225	-5.954118036660339
226	-5.931380843598415
227	-5.936107705708992
228	-5.84436185321512
229	-5.910302839359011
230	-5.883752174795681
231	-5.744675460112143
232	-5.9187201940786
233	-5.928275031826972
234	-5.921108306356719
235	-5.9416978731818615
236	-5.934786013668036
237	-5.87078234188521
238	-5.788230866263522
239	-5.932381861585198
240	-5.89758912897187
241	-5.9323584870329045
242	-5.782676365975853
243	-5.8758712728585945
244	-5.834774544218462
245	-5.959993169531724
246	-5.815398087785232
247	-5.952524913871157
248	-5.888404223995454
249	-5.915024799421466
250	-5.950222635521454
251	-5.922224986235994
252	-5.919157488719485
253	-5.748489918308446
254	-5.949053237457223
255	-5.833558851478571
256	-5.896640489821524
257	-5.945423885235338
258	-5.961602145522479
259	-5.776827306931797
260	-5.960512181344938
261	-5.826396467269669
262	-5.80205521750954
263	-5.9690757842602356
264	-5.925466989021719
265	-5.980987659965527
266	-5.7690440002703856
267	-5.9596677025744995
268	-5.9186502468290145
269	-5.823325470389566
270	-5.902991413790108
271	-5.803079077681653
272	-5.89255181346674
273	-5.920294638097674
274	-5.851657059928027
275	-5.849845856648503
276	-5.873119354375071
277	-5.962335933078455
278	-5.928034427662031
279	-5.895749349336657
280	-5.936703313915845
281	-5.726659317736998
282	-5.872531049385416
283	-5.962251839814239
284	-5.958503316864235
285	-5.746660404855551
286	-5.757326749266135
287	-5.946574716962429
288	-5.860714656221985
289	-5.861007120107585
290	-5.904575091476037
291	-5.883474547239187
292	-5.933916266688155
293	-5.880534314611042
294	-5.9429876676236795
295	-5.856452711350991
296	-5.910505743455648
297	-5.907550613103453
298	-5.587309416244963
299	-5.77420256616732
